# Large network topology - 60 routers, 110 connections
# Designed for complexity analysis and performance testing

NODES 60

EDGES 110

0 1 10
0 5 15
0 10 18
1 2 8
1 6 12
2 3 9
2 7 14
3 4 11
3 8 13
4 5 7
4 9 10
5 11 12
6 7 10
6 12 16
7 8 8
7 13 11
8 9 9
8 14 15
9 15 12
10 11 13
10 16 17
11 12 8
11 17 14
12 13 10
12 18 16
13 14 9
13 19 12
14 15 11
14 20 13
15 21 10
16 17 12
16 22 14
17 18 9
17 23 11
18 19 10
18 24 13
19 20 8
19 25 12
20 21 11
20 26 14
21 27 10
22 23 12
22 28 15
23 24 8
23 29 10
24 25 9
24 30 12
25 26 10
25 31 14
26 27 11
26 32 13
27 33 9
28 29 12
28 34 14
29 30 10
29 35 11
30 31 9
30 36 12
31 32 8
31 37 13
32 33 11
32 38 14
33 39 10
34 35 12
34 40 15
35 36 10
35 41 13
36 37 9
36 42 11
37 38 10
37 43 12
38 39 11
38 44 14
39 45 10
40 41 12
40 46 14
41 42 9
41 47 12
42 43 10
42 48 13
43 44 11
43 49 14
44 45 8
44 50 12
45 51 10
46 47 12
46 52 14
47 48 10
47 53 12
48 49 9
48 54 11
49 50 10
49 55 13
50 51 11
50 56 14
51 57 9
52 53 12
52 58 15
53 54 10
53 59 12
54 55 9
55 56 11
56 57 10
57 58 12
58 59 8
0 20 25
10 30 22
20 40 24
30 50 26
40 59 28
